4 5 7
6 8 3
1 2 0

4 5 7
6 8 3
1 0 2

4 5 7
6 0 3
1 8 2

4 5 7
0 6 3
1 8 2

4 5 7
1 6 3
0 8 2

4 5 7
1 6 3
8 0 2

4 5 7
1 0 3
8 6 2

4 0 7
1 5 3
8 6 2

4 7 0
1 5 3
8 6 2

4 7 3
1 5 0
8 6 2

4 7 3
1 0 5
8 6 2

4 0 3
1 7 5
8 6 2

0 4 3
1 7 5
8 6 2

1 4 3
0 7 5
8 6 2

1 4 3
7 0 5
8 6 2

1 0 3
7 4 5
8 6 2

1 3 0
7 4 5
8 6 2

1 3 5
7 4 0
8 6 2

1 3 5
7 4 2
8 6 0

1 3 5
7 4 2
8 0 6

1 3 5
7 4 2
0 8 6

1 3 5
0 4 2
7 8 6

1 3 5
4 0 2
7 8 6

1 3 5
4 2 0
7 8 6

1 3 0
4 2 5
7 8 6

1 0 3
4 2 5
7 8 6

1 2 3
4 0 5
7 8 6

1 2 3
4 5 0
7 8 6

1 2 3
4 5 6
7 8 0