8 6 7
2 5 4
3 0 1

8 6 7
2 5 4
0 3 1

8 6 7
0 5 4
2 3 1

8 6 7
5 0 4
2 3 1

8 0 7
5 6 4
2 3 1

8 7 0
5 6 4
2 3 1

8 7 4
5 6 0
2 3 1

8 7 4
5 6 1
2 3 0

8 7 4
5 6 1
2 0 3

8 7 4
5 0 1
2 6 3

8 0 4
5 7 1
2 6 3

8 4 0
5 7 1
2 6 3

8 4 1
5 7 0
2 6 3

8 4 1
5 7 3
2 6 0

8 4 1
5 7 3
2 0 6

8 4 1
5 0 3
2 7 6

8 4 1
0 5 3
2 7 6

0 4 1
8 5 3
2 7 6

4 0 1
8 5 3
2 7 6

4 1 0
8 5 3
2 7 6

4 1 3
8 5 0
2 7 6

4 1 3
8 0 5
2 7 6

4 1 3
0 8 5
2 7 6

4 1 3
2 8 5
0 7 6

4 1 3
2 8 5
7 0 6

4 1 3
2 0 5
7 8 6

4 1 3
0 2 5
7 8 6

0 1 3
4 2 5
7 8 6

1 0 3
4 2 5
7 8 6

1 2 3
4 0 5
7 8 6

1 2 3
4 5 0
7 8 6

1 2 3
4 5 6
7 8 0