8 0 5
2 7 6
4 3 1

8 7 5
2 0 6
4 3 1

8 7 5
2 6 0
4 3 1

8 7 5
2 6 1
4 3 0

8 7 5
2 6 1
4 0 3

8 7 5
2 0 1
4 6 3

8 0 5
2 7 1
4 6 3

8 5 0
2 7 1
4 6 3

8 5 1
2 7 0
4 6 3

8 5 1
2 7 3
4 6 0

8 5 1
2 7 3
4 0 6

8 5 1
2 0 3
4 7 6

8 0 1
2 5 3
4 7 6

8 1 0
2 5 3
4 7 6

8 1 3
2 5 0
4 7 6

8 1 3
2 0 5
4 7 6

8 1 3
0 2 5
4 7 6

0 1 3
8 2 5
4 7 6

1 0 3
8 2 5
4 7 6

1 2 3
8 0 5
4 7 6

1 2 3
0 8 5
4 7 6

1 2 3
4 8 5
0 7 6

1 2 3
4 8 5
7 0 6

1 2 3
4 0 5
7 8 6

1 2 3
4 5 0
7 8 6

1 2 3
4 5 6
7 8 0